314159265358979323846264338327950288419716939               
937510582097494459230781640628620899862803482               
534211706798214808651328230664709384460955058               
223172535940812848111745028410270193852110555               
964462294895493038196442881097566593344612847               
564823378678316527120190914564856692346034861               
045432664821339360726024914127372458700660631               
558817488152092               096282925409171               
536436789259036               001133053054882               
046652138414695               194151160931415               
926535897932384               626433832795028               
841971693993751               058209749445923               
078164062862089               986280348253421               
170679821480865               132823066470938               
446095505822317               253594081284811               
174502841027019385211055596446               229489549303819
644288109756659334461284756482               337867831652712
019091456485669234603486104543               266482133936072
602491412737245870066063155881               748815209209628
292540917153643678925903600113               305305488204665
213841469519415116093141592653               589793238462643
383279502884197169399375105820               974944592307816
406286208998628034825342117067               982148086513282
306647093844609                              550582231725359
408128481117450                              284102701938521
105559644622948                              954930381964428
810975665933446                              128475648233786
783165271201909                              145648566923460
348610454326648                              213393607260249
141273724587006                              606315588174881